# r_s [kpc]              rho_s threshold [Msun/pc^3]
1.000000000000000021e-03 4.927398472295946874e+01
1.059560179277615945e-03 4.794131714558917423e+01
1.122667773510813713e-03 4.663863150037139604e+01
1.189534067370319730e-03 4.536561686656967396e+01
1.260382929679727511e-03 4.412190586649023771e+01
1.335451562929898962e-03 4.290742183505921759e+01
1.414991297434576092e-03 4.172108124588041278e+01
1.499268432786045714e-03 4.056220910569886939e+01
1.588565129428052810e-03 3.943048826260034190e+01
1.683180353330956773e-03 3.832542520578659406e+01
1.783430876931909595e-03 3.724665210101309754e+01
1.889652339691209968e-03 3.619352999264388870e+01
2.002200371815584818e-03 3.516534229091913488e+01
2.121451784910630307e-03 3.416182701047917192e+01
2.247805833548725558e-03 3.318254087424266174e+01
2.381685551976158496e-03 3.222711498849385237e+01
2.523539170434766117e-03 3.129491756946334746e+01
2.673841615839946898e-03 3.038534775669265642e+01
2.833096101839324525e-03 2.949811051422200947e+01
3.001835813575589283e-03 2.863274577938852161e+01
3.180625692794120107e-03 2.778885860785578288e+01
3.370064329271929039e-03 2.696619128534859655e+01
3.570785964900463280e-03 2.616429429572327336e+01
3.783462617131930217e-03 2.538251682135317822e+01
4.008806328898465929e-03 2.462031454919170415e+01
4.247571552536899379e-03 2.387760676710241370e+01
4.500557675700498673e-03 2.315380707423288342e+01
4.768611697714471125e-03 2.244861080905545236e+01
5.052631065335680578e-03 2.176171374733123898e+01
5.353566677410725311e-03 2.109270205924882902e+01
5.672426068491978959e-03 2.044104948616185879e+01
6.010276782070383440e-03 1.980639738221270107e+01
6.368249944718588386e-03 1.918850576574542544e+01
6.747544053110694946e-03 1.858706922998799271e+01
7.149428986597579014e-03 1.800162143548264027e+01
7.575250258771914873e-03 1.743178058371426076e+01
8.026433522257176226e-03 1.687724784132285194e+01
8.504489341802680402e-03 1.633777136116090745e+01
9.011018251665021267e-03 1.581294697630249857e+01
9.547716114208059171e-03 1.530237837701127646e+01
1.011637979766207528e-02 1.480581498763991632e+01
1.071891319205128118e-02 1.432299610753486796e+01
1.135733358343105764e-02 1.385357323167885646e+01
1.203377840777589830e-02 1.339726219708708044e+01
1.275051240713013546e-02 1.295374808367041553e+01
1.350993521198027257e-02 1.252275068971423266e+01
1.431458937523479198e-02 1.210393514277049398e+01
1.516716888470923293e-02 1.169705262548251135e+01
1.607052818261639135e-02 1.130182365154153779e+01
1.702769172225900365e-02 1.091797539803233086e+01
1.804186409392072657e-02 1.054519684921434575e+01
1.911644075385702732e-02 1.018329418826581012e+01
2.025501939230667584e-02 9.831993805884623683e+00
2.146141197858404681e-02 9.491029869003568820e+00
2.273965752357928749e-02 9.160139563819502229e+00
2.409403560239525496e-02 8.839082342454871011e+00
2.552908068239518116e-02 8.527640999333387484e+00
2.704959730463135648e-02 8.225553259776180681e+00
2.866067616948251781e-02 7.932590515668878517e+00
3.036771118035459099e-02 7.648572840544630935e+00
3.217641750250736787e-02 7.373234570851510128e+00
3.409285069746813279e-02 7.106329090571365192e+00
3.612342699709432392e-02 6.847688791038605061e+00
3.827494478516312720e-02 6.597135347208106460e+00
4.055460735840829556e-02 6.354392256409142625e+00
4.297004704320842028e-02 6.119266681061506397e+00
4.552935074866950454e-02 5.891576428534174070e+00
4.824108704165371714e-02 5.671139168624740989e+00
5.111433483440168402e-02 5.457758511883421093e+00
5.415871378079473858e-02 5.251259824953800504e+00
5.738441648302395476e-02 5.051413705117790087e+00
6.080224261649424394e-02 4.858060204948952965e+00
6.442363508721374310e-02 4.671072253650765838e+00
6.826071834272388894e-02 4.490230392424562567e+00
7.232633896483536828e-02 4.315366403877182400e+00
7.663410868007458632e-02 4.146350023687449315e+00
8.119844993184013870e-02 3.982992947290787011e+00
8.603464416684504512e-02 3.825142922064682871e+00
9.115888299750822543e-02 3.672654209639862888e+00
9.658832241158703258e-02 3.525374958653959112e+00
1.023411402105453838e-01 3.383149743198954340e+00
1.084365968689610937e-01 3.245840274066968512e+00
1.148951000187309751e-01 3.113282814180007296e+00
1.217382727739662052e-01 2.985368403168707996e+00
1.289890261253309467e-01 2.861964870023129492e+00
1.366716356462007453e-01 2.742914122192988469e+00
1.448118227674534686e-01 2.628117864874879306e+00
1.534368408930013306e-01 2.517431268018597734e+00
1.625755666443794989e-01 2.410734585182729095e+00
1.722585965398787389e-01 2.307920041099801090e+00
1.825183494319044253e-01 2.208841361374474843e+00
1.933891750455232206e-01 2.113413692566801227e+00
2.049074689815848227e-01 2.021514740095438967e+00
2.171117945694505391e-01 1.933031850351236924e+00
2.300430119772919058e-01 1.847871151211180951e+00
2.437444150122221598e-01 1.765913698802157539e+00
2.582618760682677261e-01 1.687066768190141008e+00
2.736439997074671671e-01 1.611224109493148982e+00
2.899422853882878126e-01 1.538308646714596994e+00
3.072112998861759592e-01 1.468213406979981928e+00
3.255088599835059826e-01 1.400842351008314335e+00
3.448962260405760150e-01 1.336120905306548590e+00
3.654383070957258339e-01 1.273947285434041454e+00
3.872038781812557340e-01 1.214250238111253655e+00
4.102658105827194368e-01 1.156936476589910168e+00
4.347013158125026533e-01 1.101932567959246434e+00
4.605922041145108503e-01 1.049162456587542147e+00
4.880251583654433567e-01 9.985419985484274008e-01
5.170920242896760444e-01 9.500081458242425336e-01
5.478901179593944626e-01 9.034778397723066679e-01
5.805225516094901783e-01 8.588919218389120536e-01
6.150985788580505265e-01 8.161716672959138386e-01
6.517339604882427251e-01 7.752645835320439716e-01
6.905513520162330776e-01 7.360926993375467298e-01
7.316807143427199733e-01 6.986089239026433972e-01
7.752597488629464628e-01 6.627362083438544937e-01
8.214343584919430175e-01 6.284312106502691897e-01
8.703591361485165656e-01 5.956230440299445927e-01
9.221978823334332498e-01 5.642706612465210325e-01
9.771241535346502083e-01 5.343077209591612364e-01
1.035321843295662569e+00 5.056921634689790501e-01
1.096985797892384040e+00 4.783637673514486433e-01
1.162322468679853005e+00 4.522817598824977470e-01
1.231550603292826063e+00 4.273940731769544366e-01
1.304901978014402886e+00 4.036559369512273121e-01
1.382622173764656237e+00 3.810236059776348494e-01
1.464971398307286288e+00 3.594517393702936769e-01
1.552225357427048147e+00 3.389033345373057005e-01
1.644676177994664368e+00 3.193312984271309829e-01
1.742633386009650787e+00 3.007027474448663584e-01
1.846424942895544596e+00 2.829743453382478902e-01
1.956398343517064875e+00 2.661129825427772100e-01
2.072921779595371827e+00 2.500808151783850963e-01
2.196385372416547188e+00 2.348481163919612091e-01
2.327202478960409771e+00 2.203768407146176889e-01
2.465811075822604170e+00 2.066355373062497280e-01
2.612675225563329207e+00 1.935952563450104025e-01
2.768286630392066350e+00 1.812268301558715433e-01
2.933166278390045623e+00 1.694998480322314205e-01
3.107866187782013956e+00 1.583848109008032246e-01
3.292971255097151495e+00 1.478588557161606420e-01
3.489101213406773816e+00 1.378945359713993901e-01
3.696912707195028513e+00 1.284652392970262180e-01
3.917101490809260955e+00 1.195491705610192135e-01
4.150404757850476578e+00 1.111238436293731091e-01
4.397603609302721317e+00 1.031659663997036291e-01
4.659525668664682208e+00 9.565353288567678136e-02
4.937047852839004491e+00 8.856750494430429277e-02
5.231099308056264441e+00 8.188733015085454536e-02
5.542664520663107552e+00 7.559457472139115286e-02
5.872786613189482807e+00 6.967180601241061699e-02
6.222570836730231036e+00 6.409926252141293079e-02
6.593188271333548123e+00 5.886327389455437570e-02
6.985879746785249367e+00 5.394601657909089965e-02
7.401959996915644879e+00 4.933409723199455588e-02
7.842822061337681561e+00 4.501176483282886415e-02
8.309941949353396140e+00 4.096604592277391238e-02
8.804883581643464296e+00 3.718373829137319730e-02
9.329304026284686913e+00 3.365272817887328405e-02
9.884959046625587220e+00 3.036143406751576346e-02
1.047370897959450886e+01 2.729881656572579959e-02
1.109752496412072098e+01 2.445468407160181212e-02
1.175849554052158297e+01 2.181985933636011732e-02
1.245883364295008100e+01 1.938562664496903259e-02
1.320088400831419584e+01 1.714293861416415696e-02
1.398713102647238671e+01 1.508486806804311409e-02
1.482020705798860050e+01 1.320379898600967765e-02
1.570290124729377546e+01 1.149311128622061522e-02
1.663816886076130785e+01 9.945580900412238565e-03
1.762914118095947913e+01 8.555473187164435930e-03
1.867913599020784687e+01 7.315002524699538294e-03
1.979166867853557576e+01 6.216884975245758928e-03
2.097046401323235187e+01 5.253053314798824744e-03
2.221946860939523560e+01 4.418244235042237400e-03
2.354286414322420384e+01 3.714264564788421433e-03
2.494508135230316626e+01 3.122453292152858190e-03
2.643081486974108429e+01 2.624938097868518248e-03
2.800503894183630749e+01 2.206694343501592985e-03
2.967302408188872676e+01 1.855091337047524123e-03
3.144035471591499942e+01 1.559510894167617182e-03
3.331294787934677259e+01 1.311026675860737243e-03
3.529707302730649587e+01 1.102134618774730729e-03
3.739937302478801939e+01 9.265263173262410206e-04
3.962688638701478538e+01 7.788985139151987898e-04
4.198707084443914539e+01 6.547929439609012680e-04
4.448782831127585524e+01 5.504616991831446770e-04
4.713753134116728916e+01 4.627540431860333709e-04
4.994505115855140076e+01 3.890212612481426134e-04
5.291978735958447544e+01 3.270366708438569772e-04
5.607169938205458237e+01 2.749283772652528590e-04
5.941133984965040327e+01 2.311227436075293938e-04
6.294988990221887804e+01 1.942968679480267891e-04
6.669919663030128731e+01 1.633386325601877021e-04
7.067181273927491247e+01 1.373131186745057063e-04
7.488103857590031964e+01 1.154343725338281466e-04
7.934096665797491710e+01 9.704167009610500960e-05
8.406652885618333926e+01 8.157956359386401451e-05
8.907354638610439679e+01 6.858110736938428410e-05
9.437878277775391211e+01 5.765375641657328337e-05
1.000000000000000000e+02 4.846751177461233479e-05
